Test: Chi-square Test
Statistic: 80.7605805115122
df: 1
p-value: 2.54790166111533e-19
