Test: Chi-square Test
Statistic: 2.93481103209795
df: 1
p-value: 0.0866888066257979
