Test: Chi-square Test
Statistic: 2.56586063650033e-30
df: 1
p-value: 0.999999999999999
